105859831,341783628
97183260,267977268
50533876,233815846
93170599,151557530
66011702,129627084
141640466,126714862
74446919,118768540
118877950,109154811
51190937,106833506
108960626,97700383
139530549,94971498
52991252,93299086
145111964,92945822
74448175,92871145
140853534,91967195
59154472,85958443
53313779,84844796
119791009,81925188
53800657,78706164
62786418,73873931
43793074,71586680
78580492,71313512
104190326,69961642
133918469,68341086
55044277,65681585
54761675,64131490
61719038,63643657
53173029,60657613
54524246,59411321
130028144,59217870
134259632,59151806
122117936,58194287
121516861,57497931
64342189,57468463
147407779,55265611
108513544,54897862
137565046,54570338
84370136,53693091
104863721,53579686
138548984,53102738
149924860,52566986
106874076,52146444
132304770,51696578
43844763,51666516
75619933,49564171
148129523,48951396
44028722,48694243
74943691,48216847
80138461,47742581
153528714,47559417
127629907,46692619
63769915,45480157
68811176,45140224
137551665,44687717
60659363,44613282
56364631,44152671
89010870,43410326
73636487,43095525
79095507,42754584
82815123,41645244
145853267,40865344
53688760,40726920
84968159,40336375
65349246,40022963
141723738,39873970
45831916,39395839
132632906,38322651
104554515,37979719
84487727,37977929
134982093,37798993
75632150,37750963
114898447,37716330
137386236,37053156
50114234,36874046
123130747,36368980
134660286,36012721
142052945,35654076
146576353,35226322
74739703,34960353
146349330,34846459
122250636,34752072
78477934,34685550
143966858,34663257
116988267,34064400
69720557,33902450
121505264,33878912
49446112,33534534
94168387,33461866
66235507,33336382
73996270,33279348
78478966,33226808
85417684,33203108
64927409,33100731
93986319,32574220
62439366,32405660
87080179,31572286
95639103,31464941
140850041,31299948
133905245,30989935
87866003,30781990
128774292,30719369
118884503,30224254
53172335,29824622
51175542,29768929
65157916,29641060
120924821,29589617
127328379,29430211
65373382,29371773
134838113,29292254
69804731,29203316
59150669,29173185
75578270,28916527
115239708,28752565
56288172,28540354
79342314,28314509
66052181,28265966
52893729,28254285
75381621,28228900
82123581,28213825
64874116,28113125
155349814,28076158
95621157,27935508
64955963,27791862
80682148,27720614
55598852,27599830
147222885,27398223
92114520,27379708
95648169,27266477
139222806,27128053
64345856,27083424
60789490,27058822
112640605,27032436
85138092,26900505
75012287,26802440
51247577,26782428
109253031,26720598
79536213,26533950
155743598,26489130
54480724,26076262
81144819,25915920
65422274,25904524
131568861,25898140
28234691,25766734
106882457,25692959
117858462,25332271
58665090,25193093
73422052,25142227
75779090,25123267
65291370,25111257
81618685,24731487
105621315,24656218
78077551,24637117
66966867,24445116
51544664,24412572
68660443,24323922
82838140,24310439
93090947,24261285
108094067,24259328
103451189,24101152
55442552,24066497
119816560,24027618
81858627,23983361
64873958,23906822
124514631,23901709
143143485,23899742
137889249,23797615
99720447,23710230
65990437,23701782
50646402,23654866
124379653,23548740
58258320,23470096
116534508,23427310
126701924,23420115
64194966,23369771
150076487,23330655
75544155,23319754
65232279,23232286
60580469,23157841
141639907,23066685
75018508,23047588
95707847,23039384
8897220,22962267
50639389,22955806
145701824,22896320
113253251,22852531
88285536,22822800
95242059,22808371
89528237,22770868
63226851,22706083
63517304,22670784
137150895,22510903
85140200,22488348
131571706,22463630
146099866,22316285
79633176,22263933
74877317,22190258
66896389,21956397
70631629,21894298
101322277,21816832
75552676,21784696
92072448,21763920
73639546,21762603
75918583,21719464
63890870,21707765
134325542,21670676
74367415,21636728
67820505,21601461
123435602,21587738
56861779,21584118
73260243,21532080
103356411,21465240
67918531,21406727
72867286,21393390
50636867,21299588
107643430,21299505
147581002,21293246
132999493,21273784
66809519,21149273
84993583,21126440
148696535,20940890
60528074,20869305
53982585,20848099
66115166,20831816
50799757,20811686
133852208,20807654
93237843,20781870
86989627,20734894
93644803,20629797
121059465,20607997
69001731,20567181
112002713,20557270
123836378,20521525
37037984,20484206
50638283,20455140
103859604,20437060
119791072,20431280
76549227,20426247
76232565,20425688
70122316,20421663
82870314,20405992
139690218,20386643
105288180,20346730
51174243,20303732
133686093,20297680
73630897,20284553
139578801,20262150
153362643,20249820
75839692,20205444
137410859,20147587
52036430,20143729
65274420,20126756
136674191,20113959
118876391,20107992
69782979,20081372
133636307,20072489
51172881,20058996
131450085,20035096
105121690,20033990
71950830,19981422
65415469,19922178
75885811,19917035
69949275,19881205
52270215,19867634
60171818,19852195
146134859,19806650
80627835,19781070
120780152,19778076
126106407,19751445
76621043,19707303
50395444,19700094
130865824,19665812
53512295,19591310
76548197,19587476
70106728,19583259
85682302,19559534
121166257,19511618
126268034,19497055
82025208,19485351
111593646,19450342
64082007,19337140
57892287,19334723
48229038,19277872
79200868,19257576
77076436,19244377
70896241,19192379
71278210,19162863
92144719,19103784
96050841,19074465
85807766,19067691
117549499,19037241
125576913,19032397
101723879,19025874
137570303,19014212
70212482,18988846
122438404,18968986
94491417,18919597
51429301,18892805
4177,18866788
111585224,18844628
72747742,18767816
117281814,18728131
96227704,18698727
73322972,18695130
79842398,18607330
120240157,18595224
118248612,18585087
133006740,18575597
54125621,18563306
85079491,18560494
77408666,18549970
62800915,18526845
96407506,18506352
82969819,18482727
52950590,18453088
75207778,18414065
67203356,18408942
54416057,18385119
91519428,18299127
113262183,18261014
70023007,18192639
105129356,18125283
130222796,18118235
144008987,18092142
101718440,18075149
52024897,18057237
59743123,18041735
132998324,18028441
79358985,18013889
50626046,17976475
97519539,17930929
84656299,17870829
81198669,17869381
80419105,17844066
133124999,17840724
65200772,17805129
89233545,17800190
78725450,17759841
146731963,17733309
70752092,17705240
90856621,17691755
69793123,17641660
78569298,17640129
54763023,17597065
78996135,17551217
129483268,17537313
81149062,17536066
50655826,17532521
142468764,17440394
69933718,17413306
70806416,17356539
79257765,17355708
77635266,17337494
86688159,17278212
64173586,17249910
72293721,17161482
51173010,17159665
130569125,17060875
65510217,17041448
120422567,17038561
65939018,17038098
51769886,16953203
119917592,16915143
74114257,16873110
147914154,16814793
64369138,16802008
68762335,16760553
145312591,16755189
101736139,16697466
41427842,16677035
87067566,16672617
113249812,16606924
53699788,16603323
100508102,16591599
93673782,16585760
145176328,16580450
54391023,16574445
64764853,16536332
72465798,16533414
73499839,16457502
63056368,16451647
73623112,16384683
74042641,16372366
76043542,16322514
65450051,16311704
92330351,16304415
134261498,16273628
65035394,16238201
100233807,16217200
50680962,16173313
112372879,16150571
83672465,16132793
130884281,16124922
98341999,16120869
62449276,16089304
106339411,16065776
82088006,16063089
95926885,16042495
126062213,16041139
48472337,16025013
107278480,15971619
71473254,15969062
65692999,15964092
101720730,15949028
154362744,15902918
51002701,15884401
43078574,15860134
97306041,15809382
69102916,15795728
59574482,15783620
53433617,15774277
89532947,15745306
91686429,15699955
92466278,15665596
124129504,15650086
52213167,15641820
122942215,15601991
137576314,15587136
114991413,15552967
123568611,15545520
94855878,15520167
120109876,15494093
101833143,15484990
113846362,15484810
111074225,15430439
79362572,15388040
59519252,15354210
56775282,15350410
86655022,15335985
51385741,15332113
118448512,15330307
53252196,15289557
134672744,15284130
78415203,15283128
150798304,15271797
148786139,15236560
94503896,15215021
57890834,15198802
144111988,15175236
83127229,15170791
60302847,15160208
150019206,15147220
134246338,15136184
62110076,15121918
140436763,15107140
87240053,15076133
88290669,15032115
76925252,15016625
78151022,14994442
64963091,14961272
83949537,14951324
99161328,14930415
56492853,14910054
80694172,14899021
102099135,14885328
129875904,14868830
88588894,14861747
75349557,14849631
134704294,14822449
146301066,14822010
74412290,14812282
53643337,14800709
63884368,14790800
126722906,14790699
68800824,14765412
89573618,14745087
64765425,14702792
85696267,14701181
132389568,14679910
123451484,14672470
85437996,14660848
56867470,14653005
61550001,14640214
63594412,14624946
122929807,14619695
75274070,14616836
78734749,14606728
117588320,14606709
133006583,14604746
79370968,14589961
76078193,14578621
53047569,14557433
101981858,14546129
97047784,14544520
140885657,14519076
95659483,14475675
75388264,14467678
51425694,14467130
73601549,14459065
85708724,14446194
81573073,14444778
52598895,14411134
87327765,14398079
78703455,14396750
80310636,14391934
84139171,14363586
72962000,14354229
78257919,14353941
94139453,14328648
118825243,14320952
68055708,14310418
79725929,14299618
146077874,14295615
118684913,14271477
52730510,14262238
54604926,14202798
97535489,14177505
112433418,14142254
91556542,14139267
119478574,14133420
140558325,14131282
86283626,14128276
91392274,14113130
79316080,14111628
143793929,14110593
95972858,14084379
57023737,14083440
77282441,14072253
82898838,14069620
68919540,14059288
65365588,14036885
87843844,14027789
72144315,14024537
75979303,14022334
83124396,14010769
78978864,13999844
80829619,13997820
129022255,13985000
81126210,13952752
117257231,13921198
65327275,13871775
136282499,13867150
140888496,13854246
77590089,13836457
40008789,13834795
75247868,13813947
76329054,13786946
65387031,13782071
145651412,13776215
74772307,13758557
77955066,13743216
81124069,13720083
73153990,13708207
65095099,13695755
127319500,13654207
133515190,13648985
92656564,13644916
95801669,13644441
73499072,13631618
63343187,13610648
81500828,13599773
84822389,13585884
110184745,13566934
145197779,13561630
98491618,13555231
133002211,13552799
107813554,13551711
128134126,13546371
65111011,13541986
88308751,13540690
78411218,13537411
72239107,13536737
93828404,13501463
84158489,13499705
53300848,13493717
146769769,13492280
72477238,13469781
85141415,13442026
76078705,13430660
107695304,13429693
135686415,13428001
42930682,13426423
118480381,13420263
62641114,13419550
124828508,13411678
55551301,13385701
128682265,13385082
83812052,13376498
132999587,13373302
50737458,13353829
62079562,13326529
50932243,13317006
138204140,13244438
61488490,13229620
53395101,13225876
72511541,13212273
98671294,13203687
86795798,13203481
136363250,13183278
32621769,13172939
59101025,13159137
54020490,13147039
59020436,13146931
85660272,13145350
75968418,13141720
81500729,13131027
89526686,13122084
70135931,13082366
52521354,13070569
128932328,13068623
75955331,13061288
126436999,13060316
65392124,13042580
53870012,13037680
134174989,13034641
121001243,13031713
76034687,13024840
78494548,13013812
53253530,13000681
60634563,12999037
53979345,12998629
64221889,12995144
54222819,12984196
55573033,12978088
89528147,12973172
104471893,12968616
145395531,12968250
122374538,12957080
88435276,12939834
84747332,12916974
75772523,12901289
139877295,12895507
61538411,12890260
122207819,12876962
119834731,12858488
78792014,12855019
61859583,12847850
107690836,12841129
71804942,12823166
90862041,12792485
86141787,12792046
136537814,12787413
89525670,12784145
101721628,12747237
70155734,12719057
66908712,12717851
83923926,12683838
60114494,12663355
85956353,12658071
76311187,12645159
140433019,12642723
51023203,12641238
63506766,12622609
122714034,12616449
150828445,12609534
80057094,12598461
52811528,12598221
122878626,12596701
58026654,12588474
145987702,12573160
82899553,12569096
76839427,12539240
120924081,12530800
133036741,12529781
132249303,12518140
148451130,12493858
122914205,12482190
126530447,12449681
52139486,12436098
60135926,12435916
129892798,12422914
76369582,12418394
87367134,12386655
131588156,12384330
88094727,12379009
66125941,12364231
87112507,12357320
66218098,12346092
87087728,12340572
65377625,12333767
104492648,12328370
126554144,12294904
75651131,12288000
137886233,12279018
50653722,12277615
139943935,12268666
66509464,12259802
53712301,12258868
98414305,12224312
98980953,12219169
75957011,12214462
122669648,12207169
81081038,12205841
50124944,12158177
82362595,12139038
75416008,12124168
115676345,12119420
82537642,12119225
65384387,12105239
141060976,12102436
105693887,12100598
150653398,12097745
81695811,12096414
61027439,12090447
79387603,12077717
68754460,12060795
51828093,12053734
60369018,12049935
130417763,12043083
78508135,12020549
107946553,12018154
81613690,12014818
78390887,11976309
50891118,11957062
54338650,11935616
114879209,11931929
50632144,11928600
63996227,11917158
42866262,11914801
54421438,11905917
120249188,11903011
60717985,11881245
50636409,11874881
139546567,11844804
75555023,11830802
76574721,11815352
58398837,11796797
75371856,11785530
84493023,11778758
72308194,11770387
103108486,11768080
132427565,11766018
104833892,11757443
75633741,11755173
94714484,11740034
140099963,11730715
54911522,11705862
75954425,11694384
69640279,11691799
100391054,11671119
72911993,11670940
114876919,11668702
88938239,11662584
94445928,11627319
62345050,11623271
51172837,11618529
64445878,11609133
66005029,11603190
80749399,11599784
51734801,11593331
106524769,11591884
51519463,11585733
133959539,11583258
63491945,11568862
143180423,11557473
139519331,11553458
103908209,11531763
102762325,11525254
112877891,11519589
129772677,11519372
84732181,11515534
86250619,11510812
145964647,11500956
55153194,11492979
66785912,11489703
81241755,11485726
85260741,11484359
126011134,11482444
65763095,11479560
60247356,11472343
97226755,11465609
125428023,11440616
97111716,11435739
107920691,11435400
64039175,11433076
75969334,11428909
139353383,11426213
76729730,11422550
132368549,11417300
90129935,11406607
97122049,11394734
75956120,11393239
135039222,11391608
76572564,11379543
129895755,11369730
95746661,11342151
80640065,11307589
122167984,11305109
68203407,11293339
61155451,11291681
148596436,11286932
78510450,11259536
95421083,11241936
75034564,11239201
146102127,11227139
77974385,11224645
91206388,11209802
53547631,11205031
70307608,11204442
134343517,11199354
87906297,11197424
79448341,11192492
64808069,11185978
74159439,11169097
104377836,11159828
121584774,11147980
104985905,11146664
85057130,11133670
69715105,11131860
53748962,11123150
85765303,11120335
147631164,11075006
55552081,11058209
86997513,11054205
147387498,11050550
80290376,11024260
100150445,10996691
60649576,10989389
66500921,10958375
66629954,10948359
73275025,10928073
133000137,10859665
98649135,10824849
141250620,10823317
118381163,10811319
93803403,10807622
78466797,10803587
112520214,10784577
106181142,10779960
128048959,10775351
124904300,10753250
89525928,10745544
115741702,10733393
144755343,10727193
142399508,10724547
69986665,10721970
127871333,10692616
55664342,10684419
58028427,10671403
77606874,10650696
79279778,10644236
51996900,10634946
59178557,10634013
2728996,10626365
66929207,10617184
50711020,10599852
75091482,10591151
78222712,10585562
66093573,10585276
61213741,10577544
89065135,10570173
65981449,10567168
110362022,10560181
73285215,10547300
122356504,10546081
85794251,10542175
55234163,10530351
70226708,10528611
80671430,10522450
138072723,10521330
64468376,10520466
132448336,10509566
131067088,10499273
133446629,10493246
72616473,10487175
131107712,10485102
143788307,10481250
73212763,10471917
54509840,10453947
96247978,10437260
105403380,10436441
130819879,10435782
93875664,10434810
86534141,10431673
93899809,10413629
143548070,10410595
63834526,10405340
88136812,10401945
54956048,10384746
150142776,10376820
75958484,10375390
76875957,10372720
116491123,10350933
146169832,10348424
92607919,10345790
75240384,10332511
75308627,10332130
92369662,10329805
78954336,10325387
53315357,10323201
73414463,10320500
79601528,10316081
77267480,10314266
104892454,10310141
62799936,10309276
90864698,10307219
62867690,10301262
61599973,10290409
61973744,10290253
89607261,10280948
50765911,10265464
104993328,10263967
88547766,10254336
65911568,10225318
72487957,10218949
92510222,10211405
68436202,10208674
77600835,10196894
154917185,10196580
78087690,10181638
50653160,10177111
54336753,10169778
65377589,10168728
88590949,10157879
70015176,10155931
79966741,10155801
70115123,10154216
70019681,10151922
81080736,10150502
59335749,10138822
126119368,10138818
113291592,10138490
112076105,10128838
122868127,10124714
106425562,10123479
100506643,10121930
74862350,10120220
121145383,10114771
149772559,10095202
135064423,10091579
53808419,10081528
79652419,10078333
122971586,10076431
124014362,10074387
89566611,10073384
51122277,10055253
92414440,10054469
99577370,10051499
50643461,10046115
84712211,10036907
128979889,10031285
80602180,9989099
139734183,9983502
98997465,9980915
118399689,9977510
65266205,9972499
96419819,9968494
70462181,9964870
84707029,9962830
75224006,9950229
87179098,9941966
106338613,9940700
66259360,9938997
88450363,9932510
134287465,9918636
81118447,9886022
83240529,9885295
80386571,9873321
67017567,9870727
80808983,9863375
51724669,9847919
122748113,9843938
64942251,9840592
105642666,9838994
129676691,9832819
73489762,9822807
118371955,9822254
85954763,9819733
49770630,9818848
82663186,9812650
132947781,9810719
76987778,9805368
89446462,9791699
83902902,9789340
91290646,9784588
71193716,9778373
133004244,9771142
80599818,9768498
144850888,9762581
72061335,9755253
50639099,9740101
135460616,9738241
146944510,9729591
65472397,9721732
96845274,9719087
53228093,9713899
65681170,9704270
71589543,9701903
78566871,9698400
56068511,9694654
110702442,9685684
69554261,9667215
66879808,9663423
77928070,9662222
68241281,9660829
62428134,9659227
127375136,9657593
75956675,9654385
107861872,9643590
51799970,9641322
132285297,9639888
56324019,9590464
96427610,9586294
69708759,9581875
141226970,9579153
53595624,9576770
95723629,9569000
111937382,9563794
82393982,9558886
139065336,9554830
101441718,9545577
